OutOfRange:  [0.50763523  0.46469441  0.22618434 -0.11072458  0.21180557  0.4987834  0.41146052]
meanOutOfRange:  [0.14651226  0.27172214 -0.59990399  0.30315254 -0.64269008  0.19923492  0.01303413]
mk_test_trend:  [-0.05788929  0.23024768  0.33410788  0.75668486  0.17012612  0.16157205  -0.4520911]
Mk_test_p_value:   [ 0.17261381 -0.29271882 -0.16787171  0.55762197  0.24908462 -0.31858594  0.61794566]
mk_test_z_value:  [ 0.74019068 -0.49665188  0.21939867  0.00084594 -0.26242113 -0.03483148  -0.29536436]
variance_fft:  [ 0.25238877 -0.00582185 -0.62989411 -0.0830529   0.6175511   0.0692019  -0.38267921]
meanRange:  [ 0.27588331  0.56993938  0.06514981 -0.07366052 -0.02945538 -0.7602077  -0.10297407]